global N S D Cost;
N=5;
S=[5 5 0 0 0];
D=[2 2 3 2 1];
Cost=[0 1 2 3 4;
      1 0 5 6 7;
      2 5 0 8 9;
      3 6 8 0 10;
      4 7 9 10 0]; 